ESTAR: Stopping Powers and Range Tables for Electrons

material pouzdra (Density=0.76260905 g/cm3) (I=128.9 eV)

Kinetic   	Collision	Radiative	Total    	D. Effect	
Energy    	Stp. Pow.	Stp. Pow.	Stp. Pow.	Parameter	
MeV       	MeV cm2/g	MeV cm2/g	MeV cm2/g	         	

 1.000E-03	8.649E+01	3.420E-03	8.650E+01	0.000E+00	
 1.500E-03	6.837E+01	3.872E-03	6.837E+01	0.000E+00	
 2.000E-03	5.700E+01	4.161E-03	5.701E+01	0.000E+00	
 2.500E-03	4.918E+01	4.368E-03	4.919E+01	0.000E+00	
 3.000E-03	4.344E+01	4.525E-03	4.344E+01	0.000E+00	
 3.500E-03	3.902E+01	4.647E-03	3.903E+01	0.000E+00	
 4.000E-03	3.551E+01	4.747E-03	3.552E+01	0.000E+00	
 4.500E-03	3.264E+01	4.830E-03	3.265E+01	0.000E+00	
 5.000E-03	3.025E+01	4.900E-03	3.026E+01	0.000E+00	
 6.000E-03	2.649E+01	5.011E-03	2.649E+01	0.000E+00	
 7.000E-03	2.364E+01	5.096E-03	2.365E+01	0.000E+00	
 8.000E-03	2.141E+01	5.163E-03	2.141E+01	0.000E+00	
 9.000E-03	1.961E+01	5.216E-03	1.961E+01	0.000E+00	
 1.000E-02	1.812E+01	5.260E-03	1.812E+01	0.000E+00	
 1.500E-02	1.334E+01	5.397E-03	1.334E+01	0.000E+00	
 2.000E-02	1.073E+01	5.469E-03	1.074E+01	0.000E+00	
 2.500E-02	9.071E+00	5.513E-03	9.076E+00	0.000E+00	
 3.000E-02	7.915E+00	5.544E-03	7.921E+00	0.000E+00	
 3.500E-02	7.062E+00	5.569E-03	7.067E+00	0.000E+00	
 4.000E-02	6.404E+00	5.592E-03	6.409E+00	0.000E+00	
 4.500E-02	5.880E+00	5.614E-03	5.886E+00	0.000E+00	
 5.000E-02	5.454E+00	5.635E-03	5.459E+00	0.000E+00	
 6.000E-02	4.798E+00	5.678E-03	4.804E+00	0.000E+00	
 7.000E-02	4.319E+00	5.723E-03	4.324E+00	0.000E+00	
 8.000E-02	3.951E+00	5.772E-03	3.957E+00	0.000E+00	
 9.000E-02	3.661E+00	5.825E-03	3.667E+00	0.000E+00	
 1.000E-01	3.426E+00	5.882E-03	3.432E+00	0.000E+00	
 1.500E-01	2.707E+00	6.214E-03	2.713E+00	0.000E+00	
 2.000E-01	2.341E+00	6.608E-03	2.348E+00	0.000E+00	
 2.500E-01	2.123E+00	7.050E-03	2.130E+00	0.000E+00	
 3.000E-01	1.981E+00	7.538E-03	1.989E+00	0.000E+00	
 3.360E-01	1.907E+00	7.911E-03	1.915E+00	0.000E+00	
 3.500E-01	1.882E+00	8.061E-03	1.891E+00	0.000E+00	
 3.645E-01	1.860E+00	8.219E-03	1.868E+00	0.000E+00	
 4.000E-01	1.811E+00	8.618E-03	1.820E+00	0.000E+00	
 4.500E-01	1.759E+00	9.207E-03	1.768E+00	0.000E+00	
 5.000E-01	1.719E+00	9.823E-03	1.729E+00	0.000E+00	
 6.000E-01	1.664E+00	1.113E-02	1.675E+00	0.000E+00	
 7.000E-01	1.631E+00	1.251E-02	1.643E+00	0.000E+00	
 7.710E-01	1.615E+00	1.354E-02	1.629E+00	0.000E+00	
 8.000E-01	1.610E+00	1.397E-02	1.624E+00	0.000E+00	
 9.000E-01	1.597E+00	1.549E-02	1.613E+00	6.509E-03	
 1.000E+00	1.589E+00	1.707E-02	1.606E+00	2.164E-02	
 1.500E+00	1.583E+00	2.570E-02	1.608E+00	1.475E-01	
 1.636E+00	1.585E+00	2.823E-02	1.614E+00	1.883E-01	
 2.000E+00	1.596E+00	3.528E-02	1.631E+00	3.005E-01	
 2.500E+00	1.613E+00	4.554E-02	1.659E+00	4.524E-01	
 3.000E+00	1.630E+00	5.632E-02	1.687E+00	5.959E-01	
 3.500E+00	1.646E+00	6.752E-02	1.714E+00	7.298E-01	
 4.000E+00	1.661E+00	7.908E-02	1.740E+00	8.543E-01	
 4.500E+00	1.675E+00	9.094E-02	1.766E+00	9.704E-01	
 5.000E+00	1.687E+00	1.031E-01	1.790E+00	1.079E+00	
 6.000E+00	1.709E+00	1.280E-01	1.837E+00	1.277E+00	
 7.000E+00	1.728E+00	1.538E-01	1.882E+00	1.455E+00	
 8.000E+00	1.744E+00	1.801E-01	1.925E+00	1.616E+00	
 9.000E+00	1.759E+00	2.070E-01	1.966E+00	1.763E+00	
 1.000E+01	1.771E+00	2.344E-01	2.006E+00	1.899E+00	
 1.500E+01	1.819E+00	3.763E-01	2.195E+00	2.459E+00	
 2.000E+01	1.851E+00	5.240E-01	2.375E+00	2.888E+00	
 2.500E+01	1.875E+00	6.753E-01	2.550E+00	3.237E+00	
 3.000E+01	1.894E+00	8.290E-01	2.723E+00	3.532E+00	
 3.500E+01	1.910E+00	9.846E-01	2.894E+00	3.788E+00	
 4.000E+01	1.923E+00	1.142E+00	3.065E+00	4.015E+00	
 4.500E+01	1.934E+00	1.300E+00	3.234E+00	4.219E+00	
 5.000E+01	1.944E+00	1.459E+00	3.403E+00	4.404E+00	
 6.000E+01	1.961E+00	1.780E+00	3.741E+00	4.729E+00	
 7.000E+01	1.975E+00	2.104E+00	4.079E+00	5.010E+00	
 8.000E+01	1.987E+00	2.430E+00	4.416E+00	5.256E+00	
 9.000E+01	1.997E+00	2.757E+00	4.754E+00	5.475E+00	
 1.000E+02	2.006E+00	3.086E+00	5.092E+00	5.673E+00	
 1.500E+02	2.040E+00	4.745E+00	6.785E+00	6.447E+00	
 2.000E+02	2.063E+00	6.421E+00	8.484E+00	7.006E+00	
 2.500E+02	2.081E+00	8.107E+00	1.019E+01	7.444E+00	
 3.000E+02	2.095E+00	9.799E+00	1.189E+01	7.804E+00	
 3.500E+02	2.107E+00	1.150E+01	1.360E+01	8.109E+00	
 4.000E+02	2.118E+00	1.320E+01	1.531E+01	8.374E+00	
 4.500E+02	2.127E+00	1.490E+01	1.703E+01	8.608E+00	
 5.000E+02	2.135E+00	1.661E+01	1.874E+01	8.817E+00	
 6.000E+02	2.149E+00	2.002E+01	2.217E+01	9.180E+00	
 7.000E+02	2.161E+00	2.345E+01	2.561E+01	9.488E+00	
 8.000E+02	2.171E+00	2.687E+01	2.904E+01	9.754E+00	
 9.000E+02	2.180E+00	3.030E+01	3.248E+01	9.989E+00	
 1.000E+03	2.188E+00	3.373E+01	3.592E+01	1.020E+01	
 1.500E+03	2.220E+00	5.092E+01	5.314E+01	1.101E+01	
 2.000E+03	2.242E+00	6.814E+01	7.038E+01	1.158E+01	
 2.500E+03	2.259E+00	8.537E+01	8.763E+01	1.203E+01	
 3.000E+03	2.273E+00	1.026E+02	1.049E+02	1.240E+01	
 3.500E+03	2.285E+00	1.199E+02	1.221E+02	1.270E+01	
 4.000E+03	2.295E+00	1.371E+02	1.394E+02	1.297E+01	
 4.500E+03	2.304E+00	1.544E+02	1.567E+02	1.321E+01	
 5.000E+03	2.312E+00	1.716E+02	1.739E+02	1.342E+01	
 6.000E+03	2.326E+00	2.061E+02	2.085E+02	1.378E+01	
 7.000E+03	2.338E+00	2.407E+02	2.430E+02	1.409E+01	
 8.000E+03	2.348E+00	2.752E+02	2.775E+02	1.436E+01	
 9.000E+03	2.357E+00	3.097E+02	3.121E+02	1.459E+01	
 1.000E+04	2.365E+00	3.443E+02	3.467E+02	1.480E+01	