0.001
0.0011836734693877551
0.0013673469387755102
0.0015510204081632655
0.0017346938775510204
0.0019183673469387757
0.002102040816326531
0.002285714285714286
0.0024693877551020408
0.002653061224489796
0.0028367346938775514
0.0030204081632653063
0.0032040816326530616
0.0033877551020408164
0.0035714285714285718
0.0037551020408163266
0.003938775510204082
0.004122448979591837
0.004306122448979592
0.004489795918367347
0.004673469387755102
0.004857142857142858
0.0050408163265306125
0.005224489795918367
0.005408163265306123
0.005591836734693878
0.005775510204081633
0.005959183673469389
0.0061428571428571435
0.006326530612244898
0.006510204081632653
0.006693877551020409
0.006877551020408164
0.007061224489795919
0.0072448979591836745
0.007428571428571429
0.007612244897959184
0.007795918367346939
0.007979591836734695
0.00816326530612245
0.008346938775510205
0.00853061224489796
0.008714285714285716
0.00889795918367347
0.009081632653061226
0.009265306122448979
0.009448979591836736
0.009632653061224492
0.009816326530612245
0.01
