0.001
0.0010280732238308647
0.0010569345535579883
0.001086606113854597
0.0011171106505048242
0.001148471547840289
0.0011807128466661903
0.0012138592626906278
0.0012479362054713115
0.0012829697978941476
0.0013189868961986705
0.0013560151105656334
0.0013940828262825786
0.0014332192255035738
0.0014734543096198358
0.0015148189222583457
0.0015573447729261352
0.0016010644613183177
0.0016460115023085497
0.0016922203516410374
0.0017397264323438008
0.0017885661618834618
0.0018387769800823268
0.0018903973778192215
0.0019434669265360202
0.0019980263085725507
0.002054117348353064
0.0021117830444482445
0.002171067602537265
0.0022320164692952345
0.002294676367231936
0.0023590953305086364
0.002425322741760353
0.0024934093699518806
0.002563407409296515
0.002635370519267393
0.0027093538657320514
0.002785414163241769
0.002863609718508116
0.0029440004751000335
0.003026648059395692
0.0031116158278243597
0.0031989689154345376
0.00328877428582551
0.0033811007824806854
0.0034760191815419775
0.0035736022460657883
0.0036739247818020743
0.0037770636945393685
0.003883098049059605
0.003992109129748053
0.004104180502904709
0.004219398080805024
0.004337850187558989
0.004459627626819096
0.004584823751389096
0.004713534534786907
0.004845858644816496
0.004981897519205165
0.0051217554433642416
0.005265539630332755
0.005413360302965381
0.005565330778427646
0.005721567555063252
0.005882190401699956
0.006047322449462649
0.006217090286163827
0.006391624053344006
0.006571057546036271
0.0067555283153316395
0.006945177773823696
0.007140151304013403
0.007340598369757212
0.007546672630843887
0.007758532060787836
0.007976339067929281
0.008200260619934131
0.008430468371788968
0.008667138797389234
0.008910453324821512
0.00916059847544371
0.009417766006869518
0.009682153059967086
0.009953962309984233
0.010233402121916417
0.010520686710236229
0.0108160363031071
0.011119677311206989
0.011431842501291497
0.011752771174629452
0.012082709350447765
0.012421909954526173
0.01277063301308644
0.013129145852124654
0.013497723302339424
0.013876647909813085
0.014266210152607376
0.014666708663439686
0.015078450458610518
0.015501751173357704
0.01593693530381775
0.01638433645577984
0.016844297600423153
0.01731717133723354
0.01780332016430114
0.01830311675620612
0.018816944249705557
0.019345196537440452
0.019888278569888097
0.020446606665791168
0.021020608831301583
0.021610725088083777
0.022217407810628847
0.022841122073038244
0.023482346005542765
0.02414157116103019
0.024819302891862554
0.02551606073727185
0.026232378821631236
0.026968806263906926
0.027725907598604826
0.028504263208534348
0.02930446976972143
0.03012714070881164
0.030972906673314083
0.03184241601504653
0.03273633528715246
0.033655349755070944
0.034600163921851106
0.03557150206821386
0.03657010880777491
0.03759674965785468
0.03865221162631264
0.03973730381485608
0.040852858039285636
0.04199972946715306
0.04317879727332024
0.04439096531392171
0.04563716281924759
0.046918345106077966
0.04823549431001467
0.04958962013837214
0.050981760644204246
0.052412983022060586
0.05388438442608224
0.05539709281106403
0.056952267797128246
0.05855110155867241
0.060194819738272745
0.06188468238624386
0.06362198492657489
0.06540805914998256
0.0672442742348425
0.06913203779678131
0.07107279696773419
0.07306803950529503
0.07511929493320965
0.07722813571388643
0.0793961784538228
0.08162508514287228
0.08391656442830157
0.08627237292461451
0.08869431656014709
0.09118425196146572
0.09374408787662995
0.09637578663841088
0.09908136566858672
0.10186289902446875
0.10472251898884344
0.10766241770454933
0.1106848488549412
0.11379212939153151
0.11698664131013069
0.1202708334768512
0.12364722350537151
0.1271183996869029
0.13068702297433463
0.13435582902208262
0.13812763028320094
0.14200531816536832
0.14599186524739785
0.15009032755797366
0.15430384691835647
0.15863565335085897
0.16308906755493327
0.16766750345276993
0.17237447080636198
0.17721357790803585
0.18218853434651672
0.18730315385064367
0.19256135721291986
0.19796717529513327
0.20352475211835777
0.2092383480396977
0.21511234301821672
0.22115123997254887
0.22735966823277176
0.2337423870891815
0.24030428944069696
0.24705040554568256
0.25398590687807265
0.26111611009174596
0.26844648109619623
0.27598263924661803
0.28373036165162113
0.2916955876018796
0.29988442312310276
0.3083031456568277
0.3169582088726115
0.32585624761532267
0.3350040829913133
0.34440872759738234
0.35407739089652696
0.36401748474461415
0.37423662907219807
0.3847426577258506
0.39554362447347013
0.4066478091781858
0.4180637241455758
0.42980012064907985
0.44186599563859413
0.45427059863740427
0.4670234388327335
0.480134292365345
0.4936132098237917
0.5074705239490466
0.521716857555435
0.536363131673924
0.5514205739240302
0.5669007271207434
0.5828154581230846
0.5991769669310619
0.6159977960380169
0.6332908400455115
0.6510693555481462
0.6693469712958661
0.688137698641567
0.7074559422819878
0.7273165113001454
0.7477346305177588
0.7687259521663729
0.7903065678861348
0.8124930210614048
0.8353023195026779
0.8587519484845171
0.882859884149515
0.9076446072885357
0.933125117507825
0.9593209477938242
0.9862521794868784
1.0139394576752918
1.0424040070215568
1.0716676480328633
1.1017528137883874
1.1326825671361538
1.1644806183726866
1.1971713434189668
1.2307798025066645
1.2653317593889428
1.3008537010905705
1.3373728582124964
1.374917225806419
1.4135155848353957
1.4531975242368953
1.4939934636052576
1.535934676510897
1.5790533144741759
1.6233824316122782
1.6689560099780247
1.7158089856100047
1.7639772753140452
1.8134978041964953
1.8644085339704872
1.916748492056815
1.9705578015018004
2.025877711735017
2.0827506301905143
2.1412201548157292
2.20133110749303
2.26312956839953
2.326662911331458
2.3919798400202397
2.459130425468044
2.5281661443315007
2.599139918382933
2.6721061550794354
2.7471207892708116
2.8242413260784356
2.903526884977814
2.9850382451187323
3.0688378919176422
3.1549900649580884
3.2435608072358115
3.3346180157863627
3.428231493733971
3.5244730038015843
3.62341632332315
3.7251373008002098
3.829713914046281
3.937226329963479
4.047756965997322
4.161390553316707
4.278214201767617
4.398317466650224
4.521792417370702
4.648733708020257
4.7792386499356
4.913407286296362
5.051342468816767
5.1931499365902125
5.338938397147356
5.4888196097896715
5.642908471262537
5.801323103833378
5.96418494584246
6.131618844795775
6.303753153071275
6.4807198263119705
6.66265452458115
6.849696716357447
7.041989785449289
7.239681140910877
7.442922330043758
7.651869154570825
7.866681790071582
8.087524908770456
8.314567805772064
8.547984528840415
8.78795401182132
9.034660211810534
9.2882922501725
9.549044557518078
9.817117022752193
10.092715146305718
10.376050197669118
10.66733937734857
10.966805983368674
11.274679582449473
11.591196185988856
11.916598430985587
12.251135766041177
12.595064642583589
12.948648711459048
13.312159025043076
13.685874245025177
14.070080856026864
14.46507338521647
14.871154628089538
15.288635880587295
15.717837177731612
16.15908753895919
16.61272522034293
17.079097973894267
17.55856331414467
18.0514887922111
18.558252277555187
19.07924224765265
19.614858085794292
20.165510387247487
20.731621274012312
21.313624718414378
21.911966875781474
22.527106426459827
23.159514927431545
23.809677173803582
24.478091570444402
25.16527051405389
25.87174078595924
26.598043955937584
27.3447367973758
28.112391714084612
28.901597179095116
29.712958185773342
30.547096711599682
31.40465219496749
32.286282025367335
33.1926620473319
34.124487078528894
35.08247144239789
36.06734951574032
37.07987629168173
38.12082795843888
39.19100249433402
40.29122027951352
41.42232472483898
42.58518291843414
43.78068629038167
45.00975129608042
46.273320118786934
47.57236139187889
48.9078709413959
50.28087254942475
51.69241873891604
53.143591580532416
54.63550352214876
56.16929824163804
57.74615152359826
59.367272160691265
61.03390288028621
62.74732129711575
64.508840892677
66.31981202212675
68.18162294944479
70.09570091165618
72.06351321293045
74.08656834939568
76.16641716552891
78.30465404301182
80.50291812295973
82.76289456246352
85.08631582640582
87.47496301554415
89.93066723187614
92.4553109823358
95.05082962189512
97.71921283717997
100.46250617173403
103.28281259410296
106.18229410993847
109.16317341936147
112.22773562085071
115.37832996296596
118.61737164524791
121.94734366967383
125.37079874409197
128.89036123908915
132.5087291997954
136.22867641416468
140.05305453932198
143.98479528760066
148.02691267395102
152.1825053264387
156.45475886160958
160.8469483265355
165.36244070941822
170.0046975206718
174.77727744646808
179.68383907677193
184.7281437099636
189.91405823619354
195.2455581016861
200.72673035625684
206.36177678638566
212.15501713624525
218.11089241915198
224.2339683219845
230.52893870517062
237.00062920093305
243.6540009125466
250.49415421745024
257.52633267711985
264.7559270567069
272.188479457518
279.82968756551156
287.68540901905914
295.76166589932564
304.06464934670686
312.60072430687035
321.37643441002757
330.3985069871855
339.67385822722093
349.2095984787271
359.01303770070683
369.09169106627746
379.4532847236942
390.10576171909935
401.0572880855496
412.3162591029748
423.8913057338783
435.791301239703
448.025367982949
460.60288442023983
473.5334922917121
486.8271040122284
500.49391027009534
514.5443878390925
528.9893076098145
543.8397428464801
559.1070776755294
574.8030158125351
590.9395895340965
607.5291689016077
624.5844712439618
642.1185709064758
660.1449092734883
678.6773050723302
697.7299649665538
717.3174944465612
737.4549090259546
758.1576457522118
779.4415750404951
801.3230128396887
823.8187331399602
846.9459808314593
870.7224849239922
895.1664721378302
920.296680876041
946.132375589076
972.6933615426178
1000.0
